 XF =   0.000 - XG =   0.000
 YF =   0.000 - YG =   0.000
 ZF =  -5.000 - ZG =   0.000
 Displacement =  0.4500000E+05
 Waterplane area =  0.4500000E+04
